               precision    recall  f1-score   support

     aloevera     0.4756    0.3900    0.4286       200
       banana     0.4181    0.3700    0.3926       200
      bilimbi     0.4113    0.2900    0.3402       200
   cantaloupe     0.4450    0.4850    0.4641       200
      cassava     0.5129    0.5950    0.5509       200
      coconut     0.4762    0.4000    0.4348       200
         corn     0.5509    0.5950    0.5721       200
     cucumber     0.7158    0.6550    0.6841       200
      curcuma     0.6810    0.7150    0.6976       200
     eggplant     0.6750    0.6750    0.6750       200
     galangal     0.5455    0.6600    0.5973       200
       ginger     0.5841    0.6250    0.6039       200
        guava     0.7262    0.6100    0.6630       200
         kale     0.5153    0.4200    0.4628       200
    longbeans     0.5812    0.6800    0.6267       200
        mango     0.3416    0.2750    0.3047       200
        melon     0.3740    0.2300    0.2848       200
       orange     0.5177    0.3650    0.4282       200
        paddy     0.6115    0.8500    0.7113       200
       papaya     0.8186    0.8350    0.8267       200
   peperchili     0.7210    0.8400    0.7760       200
    pineapple     0.5312    0.5950    0.5613       200
       pomelo     0.5365    0.6250    0.5774       200
      shallot     0.5856    0.7700    0.6652       200
     soybeans     0.6772    0.6400    0.6581       200
      spinach     0.4494    0.4000    0.4233       200
sweetpotatoes     0.6944    0.6250    0.6579       200
      tobacco     0.5779    0.7600    0.6566       200
   waterapple     0.7318    0.8050    0.7667       200
   watermelon     0.8167    0.7350    0.7737       200

     accuracy                         0.5838      6000
    macro avg     0.5766    0.5838    0.5755      6000
 weighted avg     0.5766    0.5838    0.5755      6000
