               precision    recall  f1-score   support

     aloevera     0.4555    0.4350    0.4450       200
       banana     0.4790    0.4000    0.4360       200
      bilimbi     0.4338    0.2950    0.3512       200
   cantaloupe     0.4029    0.4150    0.4089       200
      cassava     0.4682    0.6250    0.5353       200
      coconut     0.4702    0.3950    0.4293       200
         corn     0.5758    0.5700    0.5729       200
     cucumber     0.8092    0.5300    0.6405       200
      curcuma     0.7050    0.7050    0.7050       200
     eggplant     0.7514    0.6950    0.7221       200
     galangal     0.5579    0.6500    0.6005       200
       ginger     0.5363    0.6650    0.5938       200
        guava     0.5935    0.6350    0.6135       200
         kale     0.6122    0.4500    0.5187       200
    longbeans     0.5936    0.6500    0.6205       200
        mango     0.3813    0.2650    0.3127       200
        melon     0.3554    0.2950    0.3224       200
       orange     0.5105    0.3650    0.4257       200
        paddy     0.6653    0.8150    0.7326       200
       papaya     0.8564    0.7750    0.8136       200
   peperchili     0.6963    0.7450    0.7198       200
    pineapple     0.5673    0.5900    0.5784       200
       pomelo     0.4396    0.6000    0.5074       200
      shallot     0.5683    0.7700    0.6539       200
     soybeans     0.7238    0.6550    0.6877       200
      spinach     0.4359    0.4250    0.4304       200
sweetpotatoes     0.6582    0.6450    0.6515       200
      tobacco     0.6000    0.7500    0.6667       200
   waterapple     0.6122    0.7500    0.6742       200
   watermelon     0.8142    0.7450    0.7781       200

     accuracy                         0.5768      6000
    macro avg     0.5776    0.5768    0.5716      6000
 weighted avg     0.5776    0.5768    0.5716      6000
