               precision    recall  f1-score   support

     aloevera     0.3535    0.3800    0.3663       200
       banana     0.4304    0.3400    0.3799       200
      bilimbi     0.3451    0.2450    0.2865       200
   cantaloupe     0.4242    0.4200    0.4221       200
      cassava     0.4408    0.5400    0.4854       200
      coconut     0.3333    0.3200    0.3265       200
         corn     0.5051    0.5000    0.5025       200
     cucumber     0.7086    0.5350    0.6097       200
      curcuma     0.6406    0.6150    0.6276       200
     eggplant     0.6954    0.6050    0.6471       200
     galangal     0.5374    0.5750    0.5556       200
       ginger     0.4364    0.6000    0.5053       200
        guava     0.6190    0.5850    0.6015       200
         kale     0.4228    0.2600    0.3220       200
    longbeans     0.6301    0.5450    0.5845       200
        mango     0.3608    0.2850    0.3184       200
        melon     0.3700    0.3700    0.3700       200
       orange     0.4359    0.3400    0.3820       200
        paddy     0.5858    0.7850    0.6709       200
       papaya     0.7565    0.7300    0.7430       200
   peperchili     0.7117    0.7900    0.7488       200
    pineapple     0.5169    0.5350    0.5258       200
       pomelo     0.4357    0.5250    0.4762       200
      shallot     0.5132    0.7750    0.6175       200
     soybeans     0.6198    0.5950    0.6071       200
      spinach     0.2986    0.3150    0.3066       200
sweetpotatoes     0.6440    0.6150    0.6292       200
      tobacco     0.6350    0.6350    0.6350       200
   waterapple     0.6449    0.6900    0.6667       200
   watermelon     0.6845    0.7050    0.6946       200

     accuracy                         0.5252      6000
    macro avg     0.5245    0.5252    0.5205      6000
 weighted avg     0.5245    0.5252    0.5205      6000
